0.031478
0.049530
0.053146
0.083017
0.094742
0.044802
0.042709
0.078097
0.066029
0.060267
0.037027
0.080466
0.050521
0.047988
0.048256
0.049945
0.042247
0.055091
0.046975
0.042536
0.017146
0.034986
0.057719
0.042421
0.072094
0.078516
0.063662
0.083217
0.070272
0.090381
0.047729
0.086100
0.052952
0.049029
0.077780
0.074807
0.086105
0.060280
0.048985
0.058432
0.072232
0.085767
0.032523
0.056029
0.033976
0.030185
0.034469
0.051994
0.037537
0.045727
0.063501
0.101987
0.057030
0.036005
0.083132
0.046509
0.076085
0.107336
0.062269
0.058888
0.053702
0.054959
0.068293
0.070279
0.041726
0.042093
0.039140
0.041963
0.075774
0.090481
0.092675
0.049189
0.048141
0.098231
0.062894
0.083847
0.042967
0.028731
0.068394
0.038700
0.056669
0.102779
0.096852
0.078266
0.054827
0.029918
0.030042
0.042744
0.040193
0.054722
0.045675
0.058827
0.043218
0.042965
0.069515
0.052162
0.071862
0.112283
0.048164
0.061669
0.053312
0.062321
0.041630
0.053503
0.045835
0.064771
0.053732
0.053488
0.074863
0.077727
0.038175
0.069430
0.077307
0.127360
0.051951
0.087781
0.044287
0.046070
0.098710
0.055146
0.065972
0.046079
0.097148
0.063993
0.089092
0.130248
0.066741
0.028374
0.029386
0.053523
0.049149
0.052287
0.044103
0.057332
0.039690
0.060079
0.052591
0.050859
0.035346
0.041141
0.068422
0.082133
0.055952
0.027855
0.031352
0.030244
0.062042
0.029356
0.041051
0.028459
0.041241
0.049946
0.064700
0.049384
0.051331
0.056432
0.054518
0.070288
0.084754
0.057297
0.047691
0.058210
0.044661
0.050841
0.055533
0.113731
0.049555
0.089595
0.052784
0.061545
0.071512
0.058617
0.058377
0.054439
0.022903
0.049837
0.109021
0.114811
0.089142
0.080868
0.047764
0.039030
0.059459
0.059734
0.071337
0.065469
0.072008
0.131454
0.043709
0.049656
0.059573
0.033930
0.032307
0.070988
0.054021
0.044254
0.053644
0.062992
0.032203
0.057960
0.036878
0.089163
0.061085
0.041462
0.030790
0.064577
0.034619
0.048325
0.057619
0.070550
0.047472
0.072604
0.092336
0.087994
0.062001
0.084081
0.105439
0.070735
0.070558
0.049165
0.055791
0.091920
0.068510
0.044422
0.066947
0.042397
0.050318
0.048408
0.084311
0.048802
0.038952
0.059285
0.051164
0.045005
0.088507
0.060030
0.041555
0.051198
0.058991
0.055118
0.060791
0.071791
0.041303
0.073912
0.058323
0.065044
0.060721
0.054653
0.055486
0.045224
0.065182
0.052323
0.061594
0.045925
0.087135
0.057919
0.090217
0.070769
0.058332
0.039072
0.032938
0.032159
0.053380
0.076947
0.051067
0.093715
0.043774
0.049184
0.036252
0.083974
0.082510
0.126245
0.097467
0.092442
0.059739
0.037640
0.049838
0.085219
0.102556
0.032192
0.032827
0.030727
0.038579
0.120169
0.056558
0.073379
0.053718
0.035652
0.044778
0.053938
0.082834
0.083354
0.083833
0.063733
0.102719
0.057808
0.078262
0.070474
0.084646
0.070474
0.042693
0.104787
0.060933
0.043576
0.050475
0.087578
0.071392
0.068203
0.034778
0.078350
0.092561
0.086227
0.070231
0.139610
0.113359
0.061347
0.046848
0.059839
0.065110
0.088430
0.045930
0.054711
0.076407
0.047665
0.054967
0.035464
0.054988
0.077230
0.042090
0.029911
0.049395
0.038965
0.036694
0.044238
0.057543
0.041822
0.032590
0.071006
0.037984
0.030741
0.024867
0.129964
0.126858
0.050272
0.075526
0.056709
0.047598
0.037451
0.035640
0.046319
0.079457
0.040303
0.055954
0.076133
0.061317
0.086088
0.080342
0.069476
0.078187
0.075118
0.041614
0.043416
0.049735
0.035784
0.049466
0.047607
0.038089
0.037406
0.048044
0.043764
0.043511
0.062113
0.063504
0.050880
0.049400
0.028493
0.044518
0.039627
0.090252
0.058895
0.038788
0.037968
0.043829
0.044306
0.076585
0.072128
0.065656
0.112700
0.067414
0.070673
0.038358
0.045965
0.022492
0.031822
0.082196
0.079676
0.057396
0.085022
0.067742
0.051284
0.051940
0.051552
0.040344
0.033872
0.072450
0.044080
0.039989
0.089651
0.074809
0.083401
0.068369
0.052569
0.050593
0.047250
0.048666
0.073246
0.041029
0.068799
0.096085
0.079760
0.051902
0.050934
0.081646
0.093280
0.049022
0.065242
0.030255
0.046993
0.064565
0.051232
0.073304
0.097242
0.080901
0.051050
0.031431
0.045220
0.064263
0.074974
0.065106
0.076454
0.053374
0.057349
0.050178
0.048344
0.092830
0.104541
0.071994
0.047849
0.064502
0.059951
0.037140
0.050450
0.049466
0.049471
0.045197
0.040410
0.109064
0.023886
0.044082
0.056693
0.114899
0.114506
0.047605
0.036037
0.057059
0.078440
0.084451
0.039808
0.039487
0.057042
0.040365
0.045038
0.041041
0.065418
0.057808
0.044114
0.040443
0.049934
0.034738
0.045983
0.047094
0.065452
0.070452
0.092025
0.104264
0.075282
0.044544
0.049753
0.067682
0.050475
0.031624
0.042211
0.053897
0.036417
0.097453
0.035738
0.086336
0.060985
0.064392
0.063955
0.045142
0.044646
0.039232
0.046764
0.062959
0.101454
0.065606
0.071132
0.077943
0.029269
0.058690
0.033701
0.043717
0.039671
0.064171
0.053043
0.049117
0.032484
0.044935
0.069019
0.038147
0.037175
0.042995
0.053815
0.066544
0.092396
0.047440
0.051041
0.098610
0.076001
0.041926
0.050536
0.040030
0.102643
0.079596
0.043402
0.040263
0.032730
0.043298
0.042252
0.054549
0.036142
0.046752
0.034440
0.053253
0.061219
0.069401
0.083864
0.062015
0.028506
0.067685
0.063657
0.110160
0.061283
0.103248
0.081414
0.050867
0.040359
0.039726
0.077932
0.108996
0.049721
0.037047
0.042880
0.091835
0.102661
0.128790
0.081587
0.180853
0.100903
0.071108
0.053136
0.045007
0.050206
0.033178
0.045269
0.038606
0.048490
0.105461
0.088350
0.074526
0.038503
0.043789
0.045197
0.057251
0.058360
0.068436
0.072467
0.092908
0.077962
0.056109
0.044771
0.054149
0.049818
0.030344
0.113822
0.079867
0.055533
0.047653
0.044459
0.032249
0.044649
0.065682
0.048808
0.047195
0.033520
0.092405
0.057099
0.070890
0.050847
0.095066
0.058930
0.137025
0.057755
0.070696
0.082505
0.072976
0.042373
0.035081
0.086074
0.057510
0.052249
0.058393
0.049255
0.058589
0.054229
0.065272
0.059518
0.052043
0.043690
0.053585
0.071389
0.034696
0.051254
0.060861
0.079956
0.054074
0.050750
0.058665
0.088756
0.063162
0.081201
0.053370
0.077118
0.046224
0.065299
0.045142
0.037729
0.054849
0.082310
0.079374
0.125582
0.064779
0.061630
0.036896
0.073154
0.035875
0.051534
0.049104
0.059344
0.095968
0.136003
0.031770
0.118083
0.125534
0.073984
0.056599
0.060662
0.101991
0.067333
0.054131
0.098436
0.074989
0.039810
0.044587
0.052143
0.066067
0.058681
0.047042
0.084769
0.038385
0.034409
0.043687
0.096894
0.095756
0.075799
0.079352
0.093517
0.039500
0.046025
0.046611
0.073217
0.048389
0.072613
0.045151
0.104253
0.062195
0.054893
0.037660
0.059029
0.058560
0.050274
0.050341
0.051622
0.039428
0.061455
0.082336
0.083793
0.067184
0.044026
0.058947
0.060761
0.050786
0.048991
0.064320
0.108724
0.065930
0.059654
0.064281
0.063508
0.040435
0.037396
0.037767
0.048248
0.032294
0.082890
0.068925
0.033365
0.028229
0.039020
0.049895
0.067342
