AREA (KM2)	VOLUME (HM3)	VOLUME (M3)	Afluência (m³/s)	Defluência (m³/s)
83.4572385	3253.831579	3253831579	1014.6	45.5
85.08206468	3335.343207	3335343207	957.75	0
86.61004876	3412.199868	3412199868	1054.99	147
88.14150171	3489.422623	3489422623	1222.02	302
89.48076068	3557.106867	3557106867	1265.47	451
91.30262073	3649.403156	3649403156	1152.03	24.6
93.22584866	3747.103791	3747103791	1210.3	0
94.3280925	3803.219023	3803219023	1271.39	570
95.53337944	3864.678424	3864678424	1147.39	382
96.37465957	3907.63625	3907636250	1050.25	519
97.2593415	3952.862296	3952862296	953.49	394
98.66475315	4024.816354	4024816354	908.09	23.6
99.79630248	4082.84339	4082843390	825.85	113
100.7435332	4131.481674	4131481674	758.59	166
100.51093	4119.532703	4119532703	664.75	810
100.3367452	4110.586974	4110586974	723.09	832
100.1048555	4098.680647	4098680647	618.98	764
99.79630248	4082.84339	4082843390	581.6	775
99.66153791	4075.928177	4075928177	641.39	726
100.3947813	4113.567361	4113567361	658.26	199
101.2683841	4158.456125	4158456125	688.79	144
101.2099651	4155.452854	4155452854	704.77	741
101.2489083	4157.454865	4157454865	733.19	709
101.3463159	4162.462865	4162462865	710.53	650
101.2683841	4158.456125	4158456125	664.5	713
101.1904978	4154.452103	4154452103	686.62	735
101.7366574	4182.537369	4182537369	743	404
102.5207597	4222.89078	4222890780	654.85	167
102.9539638	4245.201606	4245201606	576.45	304
103.3489879	4265.55606	4265556060	545.69	298
104.1424791	4306.470848	4306470848	505.02	9.65
104.1225857	4305.444627	4305444627	498.62	511
103.9238107	4295.191877	4295191877	445.16	569
104.1424791	4306.470848	4306470848	449.23	313
104.4212878	4320.856016	4320856016	395	221
104.3017292	4314.686812	4314686812	384	459
103.6856601	4282.911267	4282911267	312	696
102.9539638	4245.201606	4245201606	300	758
102.0693433	4199.654232	4199654232	284	839
101.0932039	4149.450896	4149450896	292	897
101.0348616	4146.452209	4146452209	274	310
101.0348616	4146.452209	4146452209	242	242
100.1627897	4101.654946	4101654946	256	801
99.41162766	4063.107556	4063107556	218	689
99.56536217	4070.993798	4070993798	239	142
98.58839249	4020.903501	4020903501	218	834
97.52405471	3966.405011	3966405011	176	845
97.58085022	3969.311277	3969311277	226	190
97.67556532	3974.158394	3974158394	212.61	153
98.01711889	3991.642612	3991642612	241.5	15
97.20268845	3949.964539	3949964539	190.46	715
96.6939406	3923.952187	3923952187	177.13	499
95.75717153	3876.101047	3876101047	170.68	762
94.71621739	3822.998994	3822998994	154.69	804
94.3280925	3803.219023	3803219023	194.36	452
94.16212517	3794.764092	3794764092	178.79	284
93.40886969	3756.415372	3756415372	170.72	650
92.51468199	3710.944692	3710944692	146.75	714
92.0609909	3687.896154	3687896154	351.44	635
92.66022333	3718.341715	3718341715	609.31	235
92.69663598	3720.1926	3720192600	483.69	461
93.04310157	3737.808558	3737808558	402.02	182
93.61050952	3766.677011	3766677011	362.38	0
93.20756163	3746.173532	3746173532	305.82	563
92.76949408	3723.896328	3723896328	303.14	583
92.29669755	3699.868702	3699868702	283.09	578
91.59095818	3664.033422	3664033422	287.64	730
90.87141696	3627.535444	3627535444	254.73	706
91.01497806	3634.814333	3634814333	258.31	170
91.1227627	3640.280289	3640280289	249.06	181
90.6922093	3618.451369	3618451369	351.68	618
90.37031722	3602.140692	3602140692	418.08	616
90.38817714	3603.04547	3603045470	551	540
91.23064496	3645.752067	3645752067	557.7	36.4
91.53684194	3661.287087	3661287087	566.82	374
92.49650161	3710.020797	3710020797	703.81	114
94.75324509	3824.886587	3824886587	1432.64	0
96.46848229	3912.430071	3912430071	1402.11	316
98.26436086	4004.303816	4004303816	1189.37	69
99.52691162	4069.021226	4069021226	1115.33	307
100.859988	4137.46531	4137465310	1063.22	241
101.7757542	4184.548563	4184548563	986.98	418
102.8356799	4239.108626	4239108626	919.96	246
103.8642343	4292.119405	4292119405	790.98	147
104.1026953	4304.418578	4304418578	696.61	548
104.3216485	4315.714582	4315714582	598.69	462
103.9238107	4295.191877	4295191877	517.85	766
103.7054902	4283.933706	4283933706	483.77	620
103.1513326	4255.370267	4255370267	410.24	757
103.1908407	4257.406054	4257406054	438.77	414
103.5865528	4277.801646	4277801646	423.69	176
102.8356799	4239.108626	4239108626	431.4	902
102.030161	4197.637928	4197637928	387.6	892
102.5011015	4221.878618	4221878618	797.87	504
104.3614955	4317.770639	4317770639	1462.81	298
108.4867489	4531.128636	4531128636	3191.94	613
113.241663	4778.226414	4778226414	3297.06	254
117.4095367	4995.784945	4995784945	2825.94	97
118.3925435	5047.222259	5047222259	3211.04	2560
118.1298071	5033.469602	5033469602	3336.39	3510
118.7874694	5067.900476	5067900476	2994.03	2560
118.9633087	5077.109777	5077109777	2796.78	2680
118.7215799	5064.450001	5064450001	2719.81	2880
118.2173373	5038.050906	5038050906	3067.25	3400
117.235423	4986.679078	4986679078	3148.96	3800
116.6925665	4958.298083	4958298083	3008.66	3370
116.6925665	4958.298083	4958298083	2895.88	2910
117.6056464	5006.04294	5006042940	2846.94	2240
118.2611206	5040.342651	5040342651	2754.03	2320
118.8533863	5071.352594	5071352594	2680.62	2290
119.1173281	5085.177506	5085177506	2561.67	2370
119.1833821	5088.637847	5088637847	2444.56	2400
120.4214363	5153.533363	5153533363	2350.44	1520
121.7138349	5221.353879	5221353879	2184.88	1310
123.1519459	5296.910939	5296910939	2044.26	1060
123.9664463	5339.745466	5339745466	1863.43	1300
124.0345026	5343.325885	5343325885	1637.22	1590
124.5571957	5370.831437	5370831437	1472.04	1110
125.4243788	5416.491574	5416491574	1256.15	658
125.1043674	5399.638042	5399638042	1009.63	1230
124.7166024	5379.222261	5379222261	802.41	1070
124.671042	5376.82395	5376823950	721.52	753
124.1252878	5348.102382	5348102382	613.22	991
123.8530811	5333.781823	5333781823	598.11	787
124.3070071	5357.664313	5357664313	825.81	511
125.5159228	5421.313599	5421313599	1355.26	521
125.2871563	5409.264146	5409264146	1422.59	1580
125.2185871	5405.652955	5405652955	1472.78	1520
125.3100189	5410.468249	5410468249	1482.96	1420
125.4243788	5416.491574	5416491574	1438.7	1360
125.4930322	5420.107812	5420107812	1437.22	1390
125.4930322	5420.107812	5420107812	1420	1420
125.3328847	5411.67254	5411672540	1439.81	1550
125.3786255	5414.081683	5414081683	1451.48	1420
125.3100189	5410.468249	5410468249	1472.78	1520
125.1500459	5402.043447	5402043447	1469.81	1580
125.0587013	5397.233385	5397233385	1507.04	1570
125.0815328	5398.43562	5398435620	1505.74	1490
125.1500459	5402.043447	5402043447	1507.22	1460
125.5617135	5423.725734	5423725734	1483.33	1200
125.6075167	5426.138618	5426138618	1391.48	1360
125.5846136	5424.932083	5424932083	1338.52	1370
125.6075167	5426.138618	5426138618	1265.74	1250
125.5617135	5423.725734	5423725734	1134.26	1150
125.5617135	5423.725734	5423725734	973	973
125.5846136	5424.932083	5424932083	968	968
125.5617135	5423.725734	5423725734	1024.26	1040
125.4015006	5415.286535	5415286535	857.81	968
125.1957369	5404.449599	5404449599	715.33	857
124.8761614	5387.622225	5387622225	671.63	892
124.443427	5364.843585	5364843585	596.93	896
123.7850992	5330.205869	5330205869	563.52	1020
123.2874173	5304.033311	5304033311	551.75	897
123.8984179	5336.166722	5336166722	586.96	163
123.3325992	5306.40892	5306408920	487.83	881
122.5212172	5263.761456	5263761456	476.41	1030
121.7362082	5222.528634	5222528634	437.69	976
120.7324492	5169.847146	5169847146	407.36	1090
119.8454332	5123.331824	5123331824	398.83	992
118.9193306	5074.806356	5074806356	354.08	977
118.7874694	5067.900476	5067900476	391.85	479
118.5898832	5057.553978	5057553978	602.79	733
118.5021462	5052.960279	5052960279	711.13	769
118.5679444	5056.40528	5056405280	675.4	632
118.5898832	5057.553978	5057553978	682.47	668
118.3925435	5047.222259	5047222259	638.79	769
118.2173373	5038.050906	5038050906	622.26	738
118.8094387	5069.050999	5069050999	643.62	253
118.7215799	5064.450001	5064450001	599.13	657
118.4802196	5051.812311	5051812311	569.86	729
118.1079321	5032.324731	5032324731	556.05	802
117.4530954	4998.063227	4998063227	457.97	892
116.7792965	4962.831428	4962831428	443.5	892
116.3893922	4942.45419	4942454190	423.79	679
116.1084031	4927.773758	4927773758	410.44	594
115.3544259	4888.401236	4888401236	365.79	860
114.5827502	4848.134079	4848134079	349.67	858
113.559893	4794.806617	4794806617	332.54	994
112.5439188	4741.891439	4741891439	307.89	969
111.5976704	4692.656422	4692656422	316.1	922
110.8032929	4651.360232	4651360232	283.81	794
110.0546621	4612.473271	4612473271	281.53	760
109.5370275	4585.603012	4585603012	565.03	892
109.5163604	4584.530492	4584530492	938.92	952
109.5370275	4585.603012	4585603012	929.08	916
109.6404072	4590.968253	4590968253	843.39	778
110.0961524	4614.627653	4614627653	907.73	620
110.9284368	4657.863672	4657863672	1187.87	655
114.4758806	4842.55985	4842559850	2536.89	248
117.9111943	5022.029089	5022029089	3038.85	776
119.8454332	5123.331824	5123331824	2788.77	1500
121.0663445	5187.366197	5187366197	2485.62	1670
122.1394556	5243.705805	5243705805	2337.04	1600
123.1970906	5299.284321	5299284321	2182.8	1460
123.943767	5338.552366	5338552366	2046.9	1530
123.7624448	5329.014256	5329014256	1934.07	2060
123.7624448	5329.014256	5329014256	1900	1900
123.943767	5338.552366	5338552366	1880.19	1770
124.0571942	5344.51973	5344519730	1814.44	1720
124.0345026	5343.325885	5343325885	1894.26	1910
124.1479918	5349.296972	5349296972	1892.96	1830
124.2388391	5354.077192	5354077192	1858.7	1780
124.2842813	5356.46842	5356468420	1741.48	1710
124.4661745	5366.040783	5366040783	1651.67	1510
124.8077603	5384.021121	5384021121	1540.37	1320
124.9902255	5393.6278	5393627800	1435.93	1310
125.3786255	5414.081683	5414081683	1337.59	1070
125.3786255	5414.081683	5414081683	1220	1220
125.4472601	5417.696799	5417696799	1127.22	1080
125.5846136	5424.932083	5424932083	1022.44	928
125.0587013	5397.233385	5397233385	867.96	1230
124.6938206	5378.023012	5378023012	778.15	1030
124.6938206	5378.023012	5378023012	757	757
124.3979413	5362.449749	5362449749	663.37	868
123.6945001	5325.440533	5325440533	532.04	1020
123.1745167	5298.097537	5298097537	495.86	855
123.2196676	5300.47129	5300471290	464.79	434
122.7912329	5277.950589	5277950589	542.75	835
122.0497589	5238.994594	5238994594	522.59	1030
121.0663445	5187.366197	5187366197	484.42	1160
120.5990844	5162.851114	5162851114	672.54	984
120.5990844	5162.851114	5162851114	805	805
121.0663445	5187.366197	5187366197	779.46	468
122.0946011	5241.34983	5241349830	848.25	142
121.9377072	5233.109739	5233109739	719.36	827
121.6467332	5217.83072	5217830720	670.12	870
121.2670131	5197.89751	5197897510	607.54	869
120.7324492	5169.847146	5169847146	572.28	932
120.1331762	5138.417089	5138417089	518.72	934
120.3548688	5150.042238	5150042238	496.19	333
120.7546874	5171.013795	5171013795	472.9	206
119.867549	5124.491129	5124491129	389.01	997
118.9853023	5078.261761	5078261761	373.71	967
118.3049161	5042.635124	5042635124	361.93	797
117.5620453	5003.762113	5003762113	360.1	852
116.7142444	4959.431148	4959431148	351.76	916
116.2812591	4936.804253	4936804253	364.47	661
116.3245033	4939.063686	4939063686	346.24	318
115.4619111	4894.012351	4894012351	363.19	928
114.3263892	4834.763471	4834763471	335.44	1080
113.156915	4773.811819	4773811819	302.48	1060
111.6395983	4694.837001	4694837001	281.53	1260
110.6157765	4641.617017	4641617017	292.13	950
110.1999297	4620.016695	4620016695	295.91	562
110.220694	4621.095033	4621095033	281.08	268
109.2273293	4569.533689	4569533689	262.22	890
108.1178828	4512.011346	4512011346	235.53	939
107.3015708	4469.731381	4469731381	376.74	886
106.3887938	4422.499959	4422499959	388.08	961
105.5421749	4378.734765	4378734765	443.38	970
104.7606002	4338.369119	4338369119	399.5	887
104.2220811	4310.577453	4310577453	366.62	704
103.6460086	4280.866904	4280866904	329.86	689
102.9145244	4243.169928	4243169928	316.78	775
102.1673488	4204.697977	4204697977	290.79	760
101.365806	4163.464975	4163464975	279.59	776
100.3560877	4111.580267	4111580267	293.49	923
99.2197132	4053.264911	4053264911	281.04	994
98.85585148	4034.610237	4034610237	323.49	553
98.13117171	3997.482728	3997482728	385.29	842
97.18380969	3948.998954	3948998954	362.94	959
96.20595382	3899.017831	3899017831	353.06	971
95.25420012	3850.433626	3850433626	394.92	997
94.2911916	3801.338999	3801338999	351.43	963
93.77573456	3775.087638	3775087638	585.38	901
94.25430171	3799.459633	3799459633	550.94	247
93.53714754	3762.943214	3762943214	410.1	866
92.93358472	3732.239259	3732239259	455.24	841
92.24226282	3697.103367	3697103367	412.55	846
91.55487797	3662.20237	3662202370	396.98	828
90.99702344	3633.903906	3633903906	428.38	780
90.71011789	3619.35905	3619359050	401.07	577
91.10479182	3639.368892	3639368892	540.98	297
90.5848146	3613.008671	3613008671	479.05	800
89.8891198	3577.772522	3577772522	440.18	869
88.77395785	3521.368541	3521368541	335.97	1020
87.80910179	3472.645512	3472645512	340.35	926
86.81767121	3422.658015	3422658015	312.9	907
86.54092609	3408.718873	3408718873	311.19	476
86.38555504	3400.895866	3400895866	274.29	367
85.88637249	3375.775236	3375775236	241.27	540
85.83485972	3373.184105	3373184105	251.1	282
85.62904614	3362.833728	3362833728	209.78	332
85.28686688	3345.633339	3345633339	215.61	417
84.02994065	3282.5361	3282536100	198.86	944
83.40685069	3251.307445	3251307445	298.15	661
83.42364402	3252.148668	3252148668	321.84	312
83.70952938	3266.473199	3266473199	318.67	152
84.01305339	3281.689284	3281689284	290.5	114
84.35129544	3298.655183	3298655183	308.16	107
84.11441616	3286.772513	3286772513	318.96	470
84.48688539	3305.458998	3305458998	456.6	225
85.18441844	3340.485453	3340485453	458.78	56
86.10986908	3387.019831	3387019831	548.84	0
86.33381234	3398.291036	3398291036	617.91	484
86.00666134	3381.826713	3381826713	671.28	867
85.54340254	3358.527746	3358527746	696.42	972
85.03092329	3332.774198	3332774198	686.92	989
84.6735954	3314.830551	3314830551	773.54	985
85.56052599	3359.388629	3359388629	764.61	241
86.97363873	3430.516562	3430516562	890.86	48.5
88.08895345	3486.769787	3486769787	1186.76	515
89.28596159	3547.253291	3547253291	1410.46	685
89.94248908	3580.474306	3580474306	1312.83	906
90.5848146	3613.008671	3613008671	1297.83	902
91.33862489	3651.229671	3651229671	1308.4	840
92.91534149	3731.311614	3731311614	1321.89	333
94.47580628	3810.745695	3810745695	1190.63	197
94.8273336	3828.663749	3828663749	1087.26	864
94.8273336	3828.663749	3828663749	990	990
94.30964067	3802.278929	3802278929	891.53	1220
93.5188139	3762.010174	3762010174	787.34	1290
92.6420211	3717.416517	3717416517	702.01	1260
92.67842829	3719.267076	3719267076	750.69	728
93.40886969	3756.415372	3756415372	776.16	311
92.87886323	3729.456814	3729456814	751	1090
91.93426265	3681.460776	3681460776	728.8	1320
91.08682364	3638.457657	3638457657	676.9	1210
90.54903801	3611.195729	3611195729	599.4	931
89.67588519	3566.979846	3566979846	501.23	1040
88.75634278	3520.478362	3520478362	487.27	1050
88.6331123	3514.25158	3514251580	402.46	477
87.32100341	3448.025897	3448025897	374.17	1170
85.95509313	3379.232279	3379232279	335.93	1160
84.52080907	3307.161512	3307161512	331.46	1170
83.1385115	3237.868957	3237868957	318.47	1140
81.90608808	3176.230579	3176230579	295.69	1020
80.72055077	3117.06612	3117066120	279.8	982
80.52425676	3107.28246	3107282460	281.61	397
79.20890431	3041.815695	3041815695	281.87	1060
77.70335629	2967.085377	2967085377	256.94	1150
76.04795309	2885.174837	2885174837	224	1210
74.5739217	2812.474226	2812474226	229.33	1110
73.50208406	2759.75403	2759754030	238.33	880
73.79181816	2773.992951	2773992951	357.73	184
74.14373739	2791.300099	2791300099	323.3	113
73.25878512	2747.804182	2747804182	231.68	762
72.32192149	2701.849884	2701849884	278.97	838
71.30516288	2652.087437	2652087437	266.44	872
70.1379787	2595.108613	2595108613	272.24	958
69.0002744	2539.723005	2539723005	267.4	924
68.72534142	2526.362056	2526362056	313.67	472
69.01476837	2540.427624	2540427624	352.67	186
68.29298408	2505.369376	2505369376	416.26	832
67.43466466	2463.762952	2463762952	430.71	924
66.68354097	2427.428735	2427428735	463.33	894
66.27533786	2407.712924	2407712924	591.4	823
65.78529566	2384.072915	2384072915	595.72	875
66.55664658	2421.29756	2421297560	591	152
67.26402049	2455.502076	2455502076	532.94	129
67.64844714	2474.117318	2474117318	497.88	276
68.30736158	2506.067093	2506067093	609.24	231
68.76869477	2528.468294	2528468294	812.86	547
69.88877623	2582.963802	2582963802	846.36	204
69.97665087	2587.245511	2587245511	791.08	739
70.97861161	2636.130203	2636130203	767.28	177
71.93183438	2682.744366	2682744366	751.81	187
72.03669601	2687.878558	2687878558	675.38	613
71.64781009	2668.84431	2668844310	627.29	859
71.39442554	2656.451465	2656451465	668.5	820
71.29029424	2651.360602	2651360602	761.31	823
71.21598736	2647.728579	2647728579	925.6	969
71.32003394	2652.814416	2652814416	1058.76	998
71.63288572	2668.114169	2668114169	1103.92	917
71.76729242	2674.690626	2674690626	1130.21	1050
71.84204778	2678.349255	2678349255	1144.56	1100
72.02170848	2687.144669	2687144669	1226.94	1120
72.29185635	2700.376761	2700376761	1370.42	1210
73.1070421	2740.354452	2740354452	1615.42	1130
75.31589344	2849.040733	2849040733	1565.84	242
77.71925519	2967.873391	2967873391	1431.71	0
78.61362411	3012.241773	3012241773	1265.48	734
79.07990047	3035.403816	3035403816	1183.23	908
79.45122533	3053.864066	3053864066	1126.95	906
80.0026092	3081.29996	3081299960	1058.62	732
80.31202138	3096.708268	3096708268	971.52	789
80.18163003	3090.213866	3090213866	852.15	929
80.76968198	3119.515469	3119515469	790.41	444
80.72055077	3117.06612	3117066120	718.72	748
80.21421252	3091.836553	3091836553	637.48	945
79.56450454	3059.498299	3059498299	567.74	952
78.79023633	3021.012437	3021012437	505.09	964
77.89430953	2976.551438	2976551438	461.01	983
76.95894717	2930.217472	2930217472	424.49	990
76.18876281	2892.131447	2892131447	387.62	847
74.89783179	2828.430348	2828430348	359.4	1130
74.00587468	2784.518523	2784518523	364.62	899
73.28916314	2749.295874	2749295874	450.25	880
72.45733525	2708.486095	2708486095	464.98	971
71.84204778	2678.349255	2678349255	460.52	817
71.57321249	2665.195041	2665195041	508.58	669
71.96178269	2684.210556	2684210556	491.71	260
71.46887769	2660.092106	2660092106	406.9	701
70.94898314	2634.682986	2634682986	394.1	700
70.43204674	2609.449322	2609449322	364.18	668
69.78636491	2577.974941	2577974941	332.79	713
70.19671539	2597.972194	2597972194	421.32	180
70.69753092	2622.404761	2622404761	409.14	114
70.90455854	2632.513235	2632513235	384.53	263
70.80098562	2627.455493	2627455493	377.24	438
70.31430413	2603.706196	2603706196	407.54	694
69.6548657	2571.570919	2571570919	386.24	772
69.10178224	2544.658306	2544658306	406.33	723
68.552142	2517.949784	2517949784	367.33	684
68.75424128	2527.766073	2527766073	388.67	272
69.39244875	2558.797346	2558797346	378.67	12
69.15983918	2547.481587	2547481587	345.67	479
68.69645108	2524.958602	2524958602	320.33	587
68.29298408	2505.369376	2505369376	342.59	575
69.62566999	2570.149364	2570149364	798.91	41.5
69.87413885	2582.250681	2582250681	768.67	627
70.59419434	2617.361035	2617361035	582.03	148
71.39442554	2656.451465	2656451465	492.28	22.6
70.77141508	2626.011711	2626011711	397.81	772
70.12330053	2594.393074	2594393074	394.74	768
69.45069668	2561.631949	2561631949	339.08	737
68.49448489	2515.1502	2515150200	303	853
67.54861595	2469.281368	2469281368	282.05	817
67.61991215	2472.734919	2472734919	274.87	242
68.12063901	2497.007732	2497007732	287.73	0
67.23561275	2454.127216	2454127216	226.39	736
66.37368949	2412.461245	2412461245	225.68	717
65.38142192	2364.613421	2364613421	224.84	790
64.40085674	2317.458251	2317458251	182.2	741
63.40478085	2269.691306	2269691306	200.18	768
63.45904393	2272.289956	2272289956	234.02	203
63.59486178	2278.796055	2278796055	228.55	151
62.68924341	2235.463103	2235463103	188.71	707
61.86030395	2195.901704	2195901704	185.39	659
61.19813259	2164.371363	2164371363	195.72	575
61.54175871	2180.725599	2180725599	268.45	72.5
61.43586555	2175.683951	2175683951	316.47	377
61.94014345	2199.707739	2199707739	335	45.3
62.59521679	2230.970679	2230970679	394.21	19.9
63.1880943	2259.318334	2259318334	691.12	352
64.24997962	2310.214144	2310214144	810.32	205
65.53438526	2371.980986	2371980986	795.44	63.5
66.83889196	2434.937662	2434937662	816.01	74
67.61991215	2472.734919	2472734919	734.77	285
69.13080594	2546.069664	2546069664	868.87	0
70.69753092	2622.404761	2622404761	919.56	8.1
71.06755501	2640.475293	2640475293	670.01	453
71.34978331	2654.268805	2654268805	851.16	686
71.54339043	2663.73634	2663736340	677.86	562
71.40931113	2657.179306	2657179306	658.88	748
71.72246834	2672.497178	2672497178	926.15	739
75.59560699	2862.84073	2862840730	2999.5	676
88.15902314	3490.30722	3490307220	7451.39	0
97.52405471	3966.405011	3966405011	6905.97	1040
102.8750964	4241.138935	4241138935	5001.27	1650
107.0372743	4456.050528	4456050528	4258.31	1670
108.3636881	4524.7499	4524749900	4128.59	3300
108.1792946	4515.193621	4515193621	3804.37	3920
108.097418	4510.950938	4510950938	3789.07	3840
108.8359937	4549.236003	4549236003	3740.44	3260
108.609915	4537.513683	4537513683	3706.13	3850
108.2407328	4518.377471	4518377471	3685.28	3920
107.9542465	4503.532981	4503532981	3649.03	3840
107.7295521	4491.893504	4491893504	3562.69	3690
109.475035	4582.38598	4582385980	3519.24	2430
112.1646976	4722.154201	4722154201	3390.44	1660
114.625519	4850.365028	4850365028	3180.09	1600
116.9094822	4969.636883	4969636883	3009.54	1510
118.1516851	5034.614655	5034614655	2794.65	1970
119.3596604	5097.873467	5097873467	2663.01	1860
120.1331762	5138.417089	5138417089	2613.8	2080
119.3376149	5096.718374	5096718374	2996	3530
118.5240759	5054.108431	5054108431	3097	3640
120.0224446	5132.611396	5132611396	2952	1950
121.5349586	5211.962479	5211962479	2528.87	1510
123.2196676	5300.47129	5300471290	2177.96	1040
124.170699	5350.491748	5350491748	1908.56	1250
124.9445905	5391.22501	5391225010	1695.19	1160
125.3328847	5411.67254	5411672540	1497.59	1230
125.4930322	5420.107812	5420107812	1395.93	1270
125.4701446	5418.902212	5418902212	1274.26	1290
125.4015006	5415.286535	5415286535	1182.78	1230
125.3786255	5414.081683	5414081683	1094.26	1110
125.1500459	5402.043447	5402043447	1012.59	1170
124.8761614	5387.622225	5387622225	851.11	1040
124.3752031	5361.253111	5361253111	813.7	1160
124.329736	5358.860393	5358860393	761.52	793
125.1272051	5400.840651	5400840651	738.67	172
124.5344357	5369.633494	5369633494	610.74	1020
123.7171452	5326.631588	5326631588	553.33	1120
122.8137543	5279.13422	5279134220	499.05	1120
122.0273424	5237.817254	5237817254	496.41	1050
121.6020141	5215.48287	5215482870	530.15	807
121.4679307	5208.443748	5208443748	514	606
121.0886287	5188.535607	5188535607	435.12	696
120.4880313	5157.026142	5157026142	419.35	805
119.8896677	5125.650617	5125650617	385.84	801
119.0733073	5082.871527	5082871527	389.09	923
118.7874694	5067.900476	5067900476	754.03	945
118.8094387	5069.050999	5069050999	760	760
118.7215799	5064.450001	5064450001	638	696
119.4258151	5101.339843	5101339843	623.64	152
119.2054062	5089.791659	5089791659	569.74	718
118.7874694	5067.900476	5067900476	532.02	812
118.2830168	5041.488796	5041488796	507.25	840
117.6928851	5010.606774	5010606774	457.38	848
117.1267004	4980.993811	4980993811	437.84	814
116.9529016	4971.906818	4971906818	408.26	524
117.2789333	4988.954456	4988954456	396	179
116.6275507	4954.899976	4954899976	351.71	784
115.8063694	4911.998218	4911998218	342.55	865
115.0324213	4871.594912	4871594912	301.55	824
114.2196994	4829.200014	4829200014	295.1	812
113.4325204	4788.169707	4788169707	296.39	806
112.945254	4762.787838	4762787838	273.44	604
112.9029575	4760.585184	4760585184	296.23	310
112.080557	4717.775981	4717775981	266.75	798
111.1999473	4671.976332	4671976332	282.11	846
110.3453418	4627.568769	4627568769	336.54	887
109.475035	4582.38598	4582385980	360.69	910
108.7743007	4546.036901	4546036901	332.25	790
108.4662314	4530.065075	4530065075	371.82	568
109.1036352	4563.117041	4563117041	420.04	14.6
108.5688479	4535.384632	4535384632	463.03	790
107.7907973	4495.065809	4495065809	428.61	930
107.0169642	4454.999375	4454999375	449.94	921
106.4090138	4423.545719	4423545719	440.32	835
105.6829231	4386.007727	4386007727	450	902
105.2410491	4363.178404	4363178404	412	687
105.4216465	4372.507549	4372507549	360.5	248
104.9205651	4346.627829	4346627829	394.5	707
104.0629231	4302.366996	4302366996	410.54	947
103.4281303	4269.635177	4269635177	415.7	812
102.7174991	4233.021805	4233021805	371.17	817
101.9322552	4192.600149	4192600149	341	832
101.0543062	4147.451602	4147451602	341	886
101.5803842	4174.499403	4174499403	475.85	149
101.0543062	4147.451602	4147451602	660.15	987
100.6853441	4128.492145	4128492145	735.87	978
100.7435332	4131.481674	4131481674	1034.38	986
100.3947813	4113.567361	4113567361	1032.06	1250
100.3367452	4110.586974	4110586974	981.62	1030
100.724134	4130.484995	4130484995	972	730
102.1281381	4202.679968	4202679968	938	66
102.0497507	4198.645995	4198645995	874.66	911
101.5608629	4173.495423	4173495423	765.3	1080
100.7435332	4131.481674	4131481674	653.59	1150
99.87337292	4086.798652	4086798652	575.79	1120
98.89410488	4036.571029	4036571029	481.64	1110
97.80828395	3980.951375	3980951375	446	1130
97.46728435	3963.500248	3963500248	406.42	621
96.29965145	3903.804182	3903804182	332.15	1070
94.80880733	3827.719211	3827719211	326	1270
93.48215486	3760.144585	3760144585	267	1110
92.15159279	3692.497728	3692497728	359	1200
91.84382415	3676.86895	3676868950	837	1030
91.46472499	3657.627577	3657627577	852	1090
91.1407363	3641.191847	3641191847	691.83	896
90.54903801	3611.195729	3611195729	624.72	990
89.71139736	3568.77702	3568777020	554.21	1060
89.8179985	3574.172393	3574172393	764.97	699
89.46303823	3556.210286	3556210286	790.09	1010
89.42760139	3554.417605	3554417605	956	978
89.03850562	3534.740407	3534740407	942	1180
89.96028423	3581.375222	3581375222	1133	565
92.11534386	3690.656611	3690656611	2233.97	893
94.92000635	3833.388909	3833388909	2777.08	1000
98.70295033	4026.773787	4026773787	3145.85	769
101.4437946	4167.475114	4167475114	2722.28	993
104.6806871	4334.243906	4334243906	2316	294
108.0155882	4506.711056	4506711056	2083	0
111.0536872	4664.373487	4664373487	1929.86	0
112.8184004	4756.182018	4756182018	1769.03	635
113.9213664	4813.646189	4813646189	1701.2	985
114.7538974	4857.062189	4857062189	1600	1060
115.3329379	4887.279553	4887279553	1501	1120
115.6986434	4906.372673	4906372673	1440	1200
116.2812591	4936.804253	4936804253	1401	1020
117.6928851	5010.606774	5010606774	1310.45	377
118.3706321	5046.075202	5046075202	1208.03	774
117.9548926	5024.315735	5024315735	1055	1330
117.2789333	4988.954456	4988954456	942	1390
116.4976007	4948.108651	4948108651	773	1290
115.6986434	4906.372673	4906372673	618	1140
115.2470159	4882.794625	4882794625	544	841
116.0436318	4924.390304	4924390304	550	27.4
115.4404081	4892.889768	4892889768	531.63	927
114.4972485	4843.674336	4843674336	500.09	1120
113.6448679	4799.234802	4799234802	479.07	1030
112.7550138	4752.881517	4752881517	461.53	1040
111.576711	4691.566399	4691566399	433.29	1190
111.5557545	4690.476554	4690476554	438	438
112.2278342	4725.439735	4725439735	429.63	0
111.4719581	4686.118948	4686118948	378.67	862
110.3245598	4626.489371	4626489371	361.92	1100
108.7743007	4546.036901	4546036901	349.1	1330
107.4237199	4476.055561	4476055561	341.39	1190
105.7835444	4391.207896	4391207896	294.07	1320
104.2419888	4311.604534	4311604534	295.12	1270
103.5865528	4277.801646	4277801646	282.32	691
102.1869585	4205.707238	4205707238	254.26	1120
100.4141323	4114.561161	4114561161	246.11	1360
98.89410488	4036.571029	4036571029	315.37	1270
97.71347094	3976.09841	3976098410	388.75	1120
98.15019032	3998.456667	3998456667	1082.19	808
99.33482806	4059.168478	4059168478	1338	591
100.7047377	4129.488485	4129488485	1076.33	218
100.6465656	4126.499972	4126499972	923.62	972
100.3174055	4109.59385	4109593850	824	1030
99.58459168	4071.980336	4071980336	771	1230
98.836729	4033.630093	4033630093	729	1200
98.28339909	4005.278927	4005278927	601	950
98.60747844	4021.881463	4021881463	575	371
98.89410488	4036.571029	4036571029	516.25	335
97.88418473	3984.836756	3984836756	404	1040
96.6187433	3920.108822	3920108822	353.19	1140
95.3844063	3857.076572	3857076572	350.14	1130
94.07001742	3790.072657	3790072657	323.7	1170
92.78771543	3724.822668	3724822668	342.41	1160
91.91616951	3680.542086	3680542086	432.56	977
92.13346696	3691.577088	3691577088	482.11	346
91.42868281	3655.798794	3655798794	410.64	853
90.44177311	3605.760773	3605760773	478.26	1080
89.94248908	3580.474306	3580474306	682.13	990
89.19752404	3542.780802	3542780802	647.89	1120
88.40460375	3502.708305	3502708305	591	1070
88.28174795	3496.503859	3496503859	589	664
88.7915756	3522.25888	3522258880	580.8	272
88.43972948	3504.482439	3504482439	508.04	721
87.91396611	3477.937344	3477937344	447.56	767
87.23406257	3443.642624	3443642624	459.58	870
86.28209345	3395.687625	3395687625	412.75	969
85.30395083	3346.491868	3346491868	361.56	953
84.45297219	3303.757109	3303757109	348.53	852
84.11441616	3286.772513	3286772513	323.61	525
83.05479209	3233.677561	3233677561	297.9	917
81.98891327	3180.368749	3180368749	340.5	967
80.81883629	3121.966191	3121966191	273.52	966
79.51594102	3057.082719	3057082719	206.83	986
78.34128104	2998.722967	2998722967	290.05	986
77.57625581	2960.786658	2960786658	332.44	788
77.49689988	2956.854824	2956854824	353.04	391
76.99051106	2931.779597	2931779597	363.88	664
76.23574433	2894.452987	2894452987	345	795
75.4711904	2856.701491	2856701491	338.87	795
74.51234824	2809.442311	2809442311	329.67	913
73.91407708	2780.004055	2780004055	321.36	679
73.85292793	2776.997334	2776997334	372.57	400
74.189736	2793.563259	2793563259	359.01	167
75.12986497	2839.8673	2839867300	605.74	42.2
76.50239786	2907.633629	2907633629	819.21	0
78.05371482	2984.456323	2984456323	977.42	54.5
79.72654864	3067.560089	3067560089	1008.97	17.3
81.47643742	3154.774003	3154774003	1055.94	21.1
83.35648633	3248.784706	3248784706	1105.32	0
85.37231294	3349.927554	3349927554	1187.73	0
87.16455775	3440.138857	3440138857	1229.44	163
89.21520618	3543.674979	3543674979	1271.13	31.2
91.68120627	3668.613889	3668613889	1530.56	0
94.56821694	3815.45521	3815455210	1825.46	0
97.42945142	3961.564573	3961564573	1811.46	0
99.20053725	4052.281573	4052281573	1730.51	615
101.7562044	4183.542881	4183542881	1640.54	43.9
102.7174991	4233.021805	4233021805	1565.65	966
102.9539638	4245.201606	4245201606	1428.61	1280
102.8356799	4239.108626	4239108626	1315.69	1390
102.6584472	4229.980703	4229980703	1278.54	1390
102.7174991	4233.021805	4233021805	1357.15	1320
102.7174991	4233.021805	4233021805	1260	1260
104.3814234	4318.798926	4318798926	1326.09	285
104.4412243	4321.88482	4321884820	1267.5	1230
104.4811059	4323.942944	4323942944	1385	1360
104.3614955	4317.770639	4317770639	1265	1340
104.0032862	4299.290913	4299290913	1136.39	1360
103.7649977	4287.002055	4287002055	1051.39	1200
103.1315828	4254.35263	4254352630	963.7	1360
102.894809	4242.154346	4242154346	871.39	1020
102.0105741	4196.630031	4196630031	806.3	1360
101.0348616	4146.452209	4146452209	704.68	1310
99.89264759	4087.78789	4087787890	646.23	1360
98.66475315	4024.816354	4024816354	556.74	1330
97.48620501	3964.468335	3964468335	518.56	1260
96.28090636	3902.84658	3902846580	508.43	1270
96.09360835	3893.279685	3893279685	518.94	637
94.79028383	3826.774838	3826774838	473.61	1300
93.68391542	3770.413429	3770413429	487.69	1190
92.47832396	3709.097065	3709097065	514.72	1280
91.32062145	3650.316332	3650316332	554.07	1280
90.12056192	3589.490702	3589490702	597.06	1340
89.07382426	3536.526041	3536526041	564.05	1210
89.71139736	3568.77702	3568777020	622.06	229
89.00319772	3532.955413	3532955413	604.35	1040
88.28174795	3496.503859	3496503859	613.43	1050
87.72178819	3468.240023	3468240023	739.26	1080
86.97363873	3430.516562	3430516562	671.85	1120
86.21317197	3392.218617	3392218617	666.76	1120
85.68046393	3365.419201	3365419201	650.37	969
85.38941005	3350.786867	3350786867	651.82	823
84.69058476	3315.683448	3315683448	647.15	1060
83.96240729	3279.149771	3279149771	638.06	1070
82.90426091	3226.142797	3226142797	602.18	1220
81.79024131	3170.443597	3170443597	584.79	1240
81.13068374	3137.519373	3137519373	859.84	1250
80.96643788	3129.326609	3129326609	869.43	967
81.6414813	3163.014251	3163014251	803.88	404
81.55892714	3158.892209	3158892209	724.27	773
81.82332748	3172.096252	3172096252	712.02	556
81.41049204	3151.482198	3151482198	755.25	999
81.04852868	3133.421079	3133421079	805.42	1020
80.8352262	3122.783404	3122783404	973.15	1100
81.31165122	3146.549088	3146549088	1072.87	790
82.95441459	3228.652993	3228652993	1190.48	223
83.64219444	3263.098685	3263098685	1171.08	769
83.79375675	3270.694837	3270694837	1168.31	1080
84.23279169	3292.710031	3292710031	1155.1	897
84.40212203	3301.205444	3301205444	1120.69	1020
84.46992748	3304.607976	3304607976	1090	1050
85.62904614	3362.833728	3362833728	1087.72	403
86.9389607	3428.769111	3428769111	971.48	190
87.02567568	3433.138925	3433138925	915.5	864
86.78304095	3420.91341	3420913410	836.79	981
86.38555504	3400.895866	3400895866	763.08	1000
86.10986908	3387.019831	3387019831	835.19	1000
85.78337072	3370.59439	3370594390	834.28	1030
85.73190545	3368.006088	3368006088	763.1	794
86.35105726	3399.159155	3399159155	700.83	330
86.23039837	3393.085632	3393085632	698.89	771
86.00666134	3381.826713	3381826713	631.09	765
85.69760847	3366.28134	3366281340	631.05	816
85.33812662	3348.209397	3348209397	592.54	804
85.09911707	3336.199857	3336199857	616.03	757
84.91168534	3326.78532	3326785320	617.24	728
85.32103741	3347.350554	3347350554	616.67	375
85.03092329	3332.774198	3332774198	579.82	751
84.50384592	3306.310177	3306310177	577.85	890
84.01305339	3281.689284	3281689284	532.22	824
83.39005997	3250.466377	3250466377	505.15	868
